25 2 3 12 
4 19 6 14 
7 8 50 9 

0.48 0.736842 0.18 
0.399453 0.578947 -0.00509473 
0.434296 0.654356 0.0314451 
0.423878 0.635481 0.0145017 
0.427421 0.643025 0.01898 
0.42628 0.640865 0.017277 
0.426658 0.641643 0.0177823 
0.426535 0.641404 0.0176051 
0.426575 0.641486 0.0176605 
0.426562 0.64146 0.0176418 
0.426566 0.641469 0.0176478 
0.426565 0.641466 0.0176458 
0.426565 0.641467 0.0176464 
0.426565 0.641466 0.0176462 
0.426565 0.641466 0.0176463 
0.426565 0.641466 0.0176462 
0.426565 0.641466 0.0176463 
0.426565 0.641466 0.0176463 
